184.081,1,598634
186.293,1,593644
188.506,1,590076
190.717,1,587417
192.928,1,583138
195.138,1,579266
197.348,1,575276
199.557,1,571164
201.766,1,568072
203.974,1,563733
206.182,1,560177
208.389,1,556549
210.595,1,553093
212.801,1,550753
215.007,1,546788
217.211,1,542767
219.416,1,540254
221.619,1,537114
223.823,1,535925
226.025,1,532730
228.227,1,528983
230.429,1,525879
232.630,1,522171
234.830,1,521210
237.030,1,519355
239.229,1,517946
241.428,1,515770
243.626,1,514191
245.824,1,511256
248.021,1,511201
250.217,1,508334
252.413,1,507148
254.609,1,505759
256.804,1,504223
258.998,1,502913
261.192,1,502528
263.385,1,500688
265.578,1,499637
267.770,1,497637
269.961,1,496650
272.152,1,494561
274.343,1,493723
276.533,1,493006
278.722,1,490942
280.911,1,489632
283.099,1,487782
285.287,1,486502
287.474,1,484620
289.661,1,482138
291.847,1,479983
294.032,1,479259
296.217,1,476083
298.402,1,477015
300.586,1,474870
302.769,1,474634
304.952,1,473496
307.134,1,472835
309.316,1,471982
311.497,1,470654
313.677,1,470307
315.857,1,469996
318.037,1,468369
320.216,1,468541
322.394,1,467761
324.572,1,468609
326.750,1,468725
328.926,1,468935
331.103,1,470184
333.278,1,469476
335.454,1,470062
337.628,1,470676
339.802,1,470728
341.976,1,472581
344.149,1,472821
346.321,1,474292
348.493,1,475098
350.665,1,476798
352.835,1,477073
355.006,1,478530
357.175,1,479280
359.345,1,478896
361.513,1,480501
363.681,1,482009
365.849,1,482283
368.016,1,483470
370.182,1,484464
372.348,1,487008
374.514,1,487551
376.679,1,488444
378.843,1,489931
381.007,1,490813
383.170,1,492556
385.333,1,492760
387.495,1,495189
389.657,1,496430
391.818,1,499140
393.978,1,501247
396.138,1,503430
398.298,1,504611
400.457,1,507128
402.615,1,510724
404.773,1,512785
406.930,1,515382
409.087,1,517480
411.244,1,518844
413.399,1,521677
415.554,1,524979
417.709,1,526999
419.863,1,529776
422.017,1,531949
424.170,1,535017
426.322,1,537583
428.474,1,539931
430.626,1,542370
432.777,1,543092
434.927,1,546039
437.077,1,548155
439.226,1,550398
441.375,1,552724
443.523,1,554067
445.671,1,556705
447.818,1,557767
449.965,1,561456
452.111,1,562197
454.257,1,563987
456.402,1,566904
458.546,1,567127
460.690,1,569910
462.834,1,571078
464.976,1,573075
467.119,1,574309
469.261,1,577069
471.402,1,578114
473.543,1,579648
475.683,1,580588
477.823,1,582644
479.962,1,583768
482.101,1,584917
484.239,1,587846
486.376,1,589722
488.513,1,592599
490.650,1,595126
492.786,1,595377
494.922,1,598513
497.057,1,602682
499.191,1,603786
501.325,1,607284
503.458,1,611568
505.591,1,615531
507.723,1,619616
509.855,1,625524
511.987,1,630915
514.117,1,637131
516.247,1,643162
518.377,1,646808
520.506,1,647832
522.635,1,648851
524.763,1,648380
526.891,1,648444
529.018,1,650265
531.144,1,651148
533.270,1,651633
535.396,1,652119
537.521,1,652363
539.645,1,654570
541.769,1,656478
543.892,1,657897
546.015,1,660014
548.138,1,661471
550.259,1,664070
552.381,1,666187
554.502,1,668586
556.622,1,671794
558.741,1,673468
560.861,1,675498
562.979,1,678738
565.097,1,680445
567.215,1,683050
569.332,1,687082
571.449,1,688146
573.565,1,691133
575.680,1,694053
577.795,1,696473
579.910,1,698919
582.024,1,700275
584.137,1,703578
586.250,1,705939
588.363,1,707603
590.475,1,709956
592.586,1,712452
594.697,1,713737
596.807,1,716708
598.917,1,717864
601.026,1,722236
603.135,1,724893
605.243,1,727645
607.351,1,729324
609.458,1,730506
611.565,1,734734
613.671,1,735865
615.777,1,738426
617.882,1,742023
619.987,1,744443
622.091,1,748049
624.194,1,750606
626.297,1,755077
628.400,1,759775
630.502,1,763695
632.604,1,765965
634.705,1,767211
636.805,1,770723
638.905,1,772929
641.005,1,776851
643.104,1,781042
645.202,1,785311
647.300,1,788138
649.397,1,795294
651.494,1,798736
653.591,1,803280
655.686,1,806552
657.782,1,812049
659.877,1,816698
661.971,1,821347
664.065,1,827608
666.158,1,830926
668.251,1,836449
670.343,1,840663
672.435,1,843802
674.526,1,848297
676.617,1,851249
678.707,1,853761
680.797,1,855624
682.886,1,859426
684.975,1,862721
687.063,1,866811
689.151,1,869052
691.238,1,875295
693.324,1,877168
695.410,1,880360
697.496,1,880496
699.581,1,879478
701.666,1,888726
703.750,1,890936
705.833,1,894299
707.917,1,896180
709.999,1,898818
712.081,1,901191
714.163,1,905479
716.244,1,907714
718.324,1,910547
720.404,1,912535
722.484,1,915609
724.563,1,916639
726.641,1,921262
728.719,1,924097
730.797,1,925924
732.874,1,929784
734.950,1,931157
737.026,1,933261
739.102,1,936742
741.177,1,937793
743.251,1,939948
745.325,1,942968
747.398,1,945799
749.471,1,947884
751.544,1,950702
753.616,1,951741
755.687,1,954642
757.758,1,958000
759.828,1,959251
761.898,1,962002
763.968,1,964307
766.036,1,967036
768.105,1,971714
770.173,1,972674
772.240,1,976468
774.307,1,980897
776.373,1,982710
778.439,1,986891
780.504,1,989651
782.569,1,994321
784.634,1,997797
786.697,1,1004183
788.761,1,1008839
790.824,1,1013788
792.886,1,1018038
794.948,1,1022481
797.009,1,1023145
799.070,1,1024753
801.130,1,1026771
803.190,1,1028857
805.249,1,1034052
807.308,1,1036151
809.367,1,1040236
811.424,1,1043699
813.482,1,1045838
815.539,1,1048700
817.595,1,1052649
819.651,1,1054840
821.706,1,1058727
823.761,1,1060309
825.815,1,1065092
827.869,1,1068442
829.922,1,1072054
831.975,1,1075197
834.028,1,1078570
836.079,1,1081426
838.131,1,1083346
840.182,1,1088406
842.232,1,1091479
844.282,1,1095294
846.331,1,1097643
848.380,1,1099039
850.428,1,1102131
852.476,1,1105352
854.524,1,1108039
856.570,1,1112079
858.617,1,1113089
860.663,1,1115244
862.708,1,1112823
864.753,1,1122471
866.797,1,1125569
868.841,1,1128043
870.885,1,1131761
872.928,1,1136747
874.970,1,1142068
877.012,1,1148105
879.053,1,1153739
881.094,1,1161307
883.135,1,1165550
885.175,1,1171253
887.214,1,1174274
889.253,1,1176666
891.291,1,1180013
893.329,1,1182471
895.367,1,1185408
897.404,1,1189415
899.440,1,1192102
901.476,1,1195511
903.512,1,1198355
905.547,1,1201898
907.581,1,1205374
909.615,1,1210227
911.649,1,1214220
913.682,1,1219828
915.714,1,1224700
917.746,1,1230541
919.778,1,1236264
921.809,1,1240732
923.840,1,1245313
925.870,1,1249194
927.899,1,1253112
929.928,1,1255575
931.957,1,1260723
933.985,1,1263889
936.013,1,1268366
938.040,1,1269319
940.067,1,1275447
942.093,1,1278684
944.119,1,1283291
946.144,1,1286795
948.168,1,1290679
950.193,1,1293305
952.216,1,1298135
954.240,1,1302418
956.262,1,1305894
958.285,1,1310519
960.306,1,1316230
962.328,1,1319292
964.349,1,1322899
966.369,1,1328892
968.389,1,1333110
970.408,1,1336846
972.427,1,1340535
974.445,1,1343704
976.463,1,1346081
978.481,1,1349239
980.498,1,1352998
982.514,1,1358457
984.530,1,1360094
986.545,1,1364588
988.560,1,1367003
990.575,1,1372893
992.589,1,1376888
994.602,1,1379786
996.615,1,1384328
998.628,1,1389290
1000.640,1,1390735
1002.652,1,1396647
1004.663,1,1405383
1006.673,1,1413400
1008.684,1,1424672
1010.693,1,1428483
1012.702,1,1427420
1014.711,1,1424189
1016.719,1,1425300
1018.727,1,1428853
1020.734,1,1431121
1022.741,1,1436269
1024.747,1,1442178
1026.753,1,1446335
1028.758,1,1452980
1030.763,1,1457309
1032.768,1,1464337
1034.772,1,1469989
1036.775,1,1475079
1038.778,1,1477778
1040.780,1,1479118
1042.782,1,1479854
1044.784,1,1483086
1046.785,1,1486908
1048.785,1,1490507
1050.785,1,1492572
1052.785,1,1497216
1054.784,1,1502085
1056.782,1,1506041
1058.781,1,1508862
1060.778,1,1514299
1062.775,1,1519896
1064.772,1,1523808
1066.768,1,1529559
1068.764,1,1534033
1070.759,1,1539038
1072.754,1,1545669
1074.748,1,1554574
1076.742,1,1559229
1078.735,1,1565836
1080.728,1,1573276
1082.721,1,1578363
1084.713,1,1583523
1086.704,1,1584023
1088.695,1,1587485
1090.686,1,1587712
1092.676,1,1589457
1094.665,1,1591687
1096.654,1,1593837
1098.643,1,1593461
1100.631,1,1599135
1102.618,1,1599890
1104.606,1,1604236
1106.592,1,1606380
1108.578,1,1608954
1110.564,1,1613267
1112.549,1,1615065
1114.534,1,1620044
1116.519,1,1621521
1118.502,1,1626448
1120.486,1,1628094
1122.469,1,1630764
1124.451,1,1634020
1126.433,1,1635422
1128.414,1,1639432
1130.395,1,1643586
1132.376,1,1645637
1134.356,1,1648088
1136.336,1,1647409
1138.315,1,1649063
1140.293,1,1652066
1142.271,1,1652243
1144.249,1,1652787
1146.226,1,1655851
1148.203,1,1658475
1150.179,1,1659643
1152.155,1,1660816
1154.131,1,1665197
1156.105,1,1664628
1158.080,1,1670449
1160.054,1,1673190
1162.027,1,1676067
1164.000,1,1676207
1165.973,1,1677096
1167.945,1,1678417
1169.916,1,1680090
1171.887,1,1682103
1173.858,1,1682757
1175.828,1,1685507
1177.798,1,1687798
1179.767,1,1691237
1181.736,1,1693720
1183.704,1,1697959
1185.672,1,1698266
1187.639,1,1702480
1189.606,1,1702289
1191.573,1,1700669
1193.539,1,1703610
1195.504,1,1703808
1197.469,1,1706197
1199.434,1,1708239
1201.398,1,1710928
1203.361,1,1710809
1205.325,1,1714658
1207.287,1,1716245
1209.249,1,1718822
1211.211,1,1722662
1213.173,1,1729107
1215.133,1,1732004
1217.094,1,1734595
1219.054,1,1735761
1221.013,1,1733159
1222.972,1,1736422
1224.931,1,1735454
1226.889,1,1737683
1228.846,1,1740538
1230.803,1,1744098
1232.760,1,1745505
1234.716,1,1747830
1236.672,1,1752375
1238.627,1,1755683
1240.582,1,1756248
1242.536,1,1759391
1244.490,1,1762787
1246.443,1,1765068
1248.396,1,1765252
1250.349,1,1767721
1252.301,1,1772069
1254.252,1,1772961
1256.203,1,1773433
1258.154,1,1775794
1260.104,1,1776349
1262.054,1,1776933
1264.003,1,1779607
1265.952,1,1783550
1267.900,1,1784407
1269.848,1,1786326
1271.796,1,1786287
1273.742,1,1789119
1275.689,1,1790641
1277.635,1,1793156
1279.581,1,1796357
1281.526,1,1797506
1283.470,1,1800131
1285.414,1,1803288
1287.358,1,1806106
1289.301,1,1811232
1291.244,1,1811584
1293.187,1,1812179
1295.128,1,1817005
1297.070,1,1818651
1299.011,1,1820929
1300.951,1,1822320
1302.891,1,1827572
1304.831,1,1828497
1306.770,1,1832921
1308.709,1,1837459
1310.647,1,1842821
1312.585,1,1846689
1314.522,1,1846888
1316.459,1,1849935
1318.395,1,1853711
1320.331,1,1854588
1322.267,1,1854963
1324.202,1,1857103
1326.136,1,1859458
1328.070,1,1862608
1330.004,1,1861460
1331.937,1,1865237
1333.870,1,1863371
1335.802,1,1863633
1337.734,1,1865225
1339.665,1,1865613
1341.596,1,1867435
1343.527,1,1865480
1345.457,1,1867629
1347.386,1,1039293
1349.315,1,1864477
1351.244,1,1866019
1353.172,1,1865359
1355.100,1,1864405
1357.027,1,1864220
1358.954,1,1864074
1360.880,1,1864852
1362.806,1,1863023
1364.732,1,1867960
1366.657,1,1863366
1368.581,1,1863029
1370.506,1,1862948
1372.429,1,1863377
1374.352,1,1861933
1376.275,1,1861210
1378.197,1,1861792
1380.119,1,1862424
1382.041,1,1864026
1383.962,1,1863504
1385.882,1,1867295
1387.802,1,1869409
1389.722,1,1870388
1391.641,1,1871546
1393.560,1,1873725
1395.478,1,1871862
1397.396,1,1876560
1399.313,1,1874072
1401.230,1,1875493
1403.146,1,1877790
1405.062,1,1880344
1406.978,1,1880004
1408.893,1,1881108
1410.808,1,1886995
1412.722,1,1886602
1414.636,1,1889393
1416.549,1,1888866
1418.462,1,1892933
1420.374,1,1891516
1422.286,1,1892911
1424.198,1,1890888
1426.109,1,1889434
1428.019,1,1886726
1429.929,1,1884447
1431.839,1,1881552
1433.748,1,1878918
1435.657,1,1876690
1437.566,1,1874531
1439.474,1,1873981
1441.381,1,1870449
1443.288,1,1869162
1445.195,1,1870587
1447.101,1,1868576
1449.006,1,1867904
1450.912,1,1866979
1452.816,1,1865890
1454.721,1,1865768
1456.625,1,1864426
1458.528,1,1858525
1460.431,1,1858163
1462.334,1,1853246
1464.236,1,1850343
1466.138,1,1851091
1468.039,1,1850327
1469.940,1,1846954
1471.840,1,1844379
1473.740,1,1841615
1475.639,1,1838708
1477.538,1,1833164
1479.437,1,1830299
1481.335,1,1829021
1483.233,1,1827857
1485.130,1,1827087
1487.027,1,1823352
1488.923,1,1825906
1490.819,1,1823741
1492.715,1,1821286
1494.610,1,1820144
1496.504,1,1817795
1498.398,1,1814062
1500.292,1,1814019
1502.185,1,1814396
1504.078,1,1811986
1505.971,1,1810467
1507.862,1,1808518
1509.754,1,1807279
1511.645,1,1806111
1513.536,1,1805927
1515.426,1,1805173
1517.316,1,1803442
1519.205,1,1800100
1521.094,1,1797302
1522.982,1,1792996
1524.870,1,1789401
1526.758,1,1788352
1528.645,1,1789222
1530.531,1,1786253
1532.418,1,1784972
1534.303,1,1781466
1536.189,1,1779972
1538.074,1,1776885
1539.958,1,1773659
1541.842,1,1770960
1543.726,1,1768936
1545.609,1,1764908
1547.492,1,1761027
1549.374,1,1759985
1551.256,1,1758803
1553.137,1,1754703
1555.018,1,1751751
1556.898,1,1747555
1558.779,1,1745792
1560.658,1,1740788
1562.537,1,1738747
1564.416,1,1730625
1566.295,1,1727504
1568.172,1,1725370
1570.050,1,1722311
1571.927,1,1717701
1573.804,1,1714913
1575.680,1,1711770
1577.555,1,1710216
1579.431,1,1705267
1581.306,1,1703706
1583.180,1,1699389
1585.054,1,1696603
1586.927,1,1693593
1588.801,1,1693197
1590.673,1,1688493
1592.545,1,1684204
1594.417,1,1681213
1596.289,1,1678183
1598.160,1,1674509
1600.030,1,1669909
1601.900,1,1668715
1603.770,1,1665888
1605.639,1,1663579
1607.508,1,1664040
1609.376,1,1659470
1611.244,1,1658046
1613.111,1,1653249
1614.979,1,1649249
1616.845,1,1646207
1618.711,1,1643304
1620.577,1,1639001
1622.442,1,1638623
1624.307,1,1635688
1626.172,1,1633721
1628.036,1,1626195
1629.899,1,1626307
1631.762,1,1626772
1633.625,1,1625012
1635.487,1,1622762
1637.349,1,1620136
1639.211,1,1617102
1641.072,1,1614153
1642.932,1,1613196
1644.792,1,1613193
1646.652,1,1611345
1648.511,1,1613032
1650.370,1,1608911
1652.229,1,1607392
1654.087,1,1606512
1655.944,1,1603223
1657.801,1,1598636
1659.658,1,1597087
1661.514,1,1596392
1663.370,1,1592686
1665.226,1,1589521
1667.080,1,1584257
1668.935,1,1579497
1670.789,1,1575596
1672.643,1,1573806
1674.496,1,1569826
1676.349,1,1566301
1678.201,1,1564202
1680.053,1,1557903
1681.905,1,1555721
1683.756,1,1551276
1685.607,1,1544587
1687.457,1,1543117
1689.307,1,1539777
1691.156,1,1536028
1693.005,1,1530252
1694.854,1,1527012
1696.702,1,1523254
1698.550,1,1517797
1700.397,1,1516198
1702.244,1,1512751
1704.090,1,1512713
1705.936,1,1507114
1707.782,1,1503266
1709.627,1,1503623
1711.472,1,1498657
1713.316,1,1495568
1715.160,1,1491782
1717.004,1,1489720
1718.847,1,1485937
1720.689,1,1484451
1722.531,1,1479748
1724.373,1,1477622
1726.215,1,1473397
1728.056,1,1471104
1729.896,1,1466663
1731.736,1,1463711
1733.576,1,1460490
1735.415,1,1457884
1737.254,1,1452751
1739.092,1,1449727
1740.930,1,1447245
1742.768,1,1440373
1744.605,1,1437622
1746.442,1,1434197
1748.278,1,1426407
1750.114,1,1423184
1751.949,1,1418783
1753.784,1,1414014
1755.619,1,1409551
1757.453,1,1405882
1759.287,1,1399699
1761.120,1,1395736
1762.953,1,1389679
1764.785,1,1384922
1766.617,1,1379564
1768.449,1,1374779
1770.280,1,1369463
1772.111,1,1366255
1773.941,1,1361179
1775.771,1,1354026
1777.601,1,1349770
1779.430,1,1345082
1781.259,1,1341779
1783.087,1,1338304
1784.915,1,1333283
1786.742,1,1329593
1788.569,1,1328506
1790.396,1,1324974
1792.222,1,1321583
1794.048,1,1321644
1795.873,1,1316318
1797.698,1,1316317
1799.523,1,1313821
1801.347,1,1314407
1803.171,1,1314345
1804.994,1,1311943
1806.817,1,1313491
1808.639,1,1315624
1810.461,1,1317079
1812.283,1,1319410
1814.104,1,1322724
1815.925,1,1326417
1817.745,1,1328925
1819.565,1,1330416
1821.384,1,1333687
1823.203,1,1335610
1825.022,1,1337052
1826.840,1,1341383
1828.658,1,1343788
1830.476,1,1348514
1832.293,1,1353341
1834.109,1,1356992
1835.925,1,1361436
1837.741,1,1366914
1839.557,1,1369397
1841.372,1,1372078
1843.186,1,1376197
1845.000,1,1379983
1846.814,1,1381764
1848.627,1,1382098
1850.440,1,1382642
1852.253,1,1385916
1854.065,1,1389413
1855.876,1,1391887
1857.687,1,1394835
1859.498,1,1395964
1861.309,1,1398147
1863.119,1,1398987
1864.928,1,1400467
1866.737,1,1398764
1868.546,1,1400560
1870.354,1,1400079
1872.162,1,1400728
1873.970,1,1400573
1875.777,1,1399618
1877.584,1,1399377
1879.390,1,1400357
1881.196,1,1399613
1883.001,1,1400655
1884.806,1,1399859
1886.611,1,1397566
1888.415,1,1397509
1890.219,1,1397282
1892.022,1,1396942
1893.825,1,1394587
1895.628,1,1395222
1897.430,1,1391007
1899.232,1,1387267
1901.033,1,1389002
1902.834,1,1386821
1904.634,1,1384326
1906.434,1,1383859
1908.234,1,1380665
1910.033,1,1376911
1911.832,1,1375789
1913.631,1,1374380
1915.429,1,1372535
1917.226,1,1367744
1919.024,1,1364776
1920.821,1,1361601
1922.617,1,1359058
1924.413,1,1357749
1926.209,1,1352552
1928.004,1,1352790
1929.799,1,1348681
1931.593,1,1346515
1933.387,1,1343600
1935.180,1,1339696
1936.974,1,1337649
1938.766,1,1332352
1940.559,1,1329908
1942.351,1,1328055
1944.142,1,1324335
1945.933,1,1322197
1947.724,1,1319331
1949.514,1,1315459
1951.304,1,1312207
1953.094,1,1309964
1954.883,1,1303790
1956.672,1,1303004
1958.460,1,1302102
1960.248,1,1298181
1962.035,1,1295314
1963.822,1,1291989
1965.609,1,1289331
1967.395,1,1285033
1969.181,1,1283642
1970.967,1,1277399
1972.752,1,1277358
1974.536,1,1276221
1976.320,1,1272100
1978.104,1,1268432
1979.888,1,1264536
1981.671,1,1263415
1983.453,1,1259690
1985.236,1,1260500
1987.017,1,1254055
1988.799,1,1249866
1990.580,1,1246674
1992.360,1,1246665
1994.141,1,1241845
1995.920,1,1238858
1997.700,1,1237932
1999.479,1,1235359
2001.257,1,1232676
2003.036,1,1229330
2004.813,1,1226193
2006.591,1,1224141
2008.368,1,1221681
2010.144,1,1219207
2011.920,1,1215948
2013.696,1,1214592
2015.472,1,1209201
2017.247,1,1208735
2019.021,1,1205952
2020.795,1,1203358
2022.569,1,1201751
2024.342,1,1198155
2026.115,1,1196454
2027.888,1,1194043
2029.660,1,1192663
2031.432,1,1189444
2033.203,1,1188693
2034.974,1,1185256
2036.745,1,1182482
2038.515,1,1181618
2040.285,1,1177759
2042.054,1,1176338
2043.823,1,1175476
2045.592,1,1172327
2047.360,1,1169502
2049.128,1,1168103
2050.895,1,1165488
2052.662,1,1164697
2054.429,1,1160157
2056.195,1,1158344
2057.961,1,1155042
2059.726,1,1153488
2061.491,1,1149612
2063.256,1,1146096
2065.020,1,1144688
2066.783,1,1145050
2068.547,1,1141917
2070.310,1,1140044
2072.072,1,1140147
2073.835,1,1135410
2075.597,1,1133120
2077.358,1,1132355
2079.119,1,1128174
2080.880,1,1127983
2082.640,1,1124717
2084.400,1,1122052
2086.159,1,1121024
2087.918,1,1117444
2089.677,1,1115437
2091.435,1,1115375
2093.193,1,1111580
2094.950,1,1110349
2096.707,1,1108159
2098.464,1,1105171
2100.220,1,1103688
2101.976,1,1100760
2103.732,1,1101705
2105.487,1,1099915
2107.241,1,1097030
2108.996,1,1096472
2110.750,1,1094072
2112.503,1,1091284
2114.256,1,1089178
2116.009,1,1085816
2117.761,1,1084838
2119.513,1,1081893
2121.265,1,1080176
2123.016,1,1080940
2124.767,1,1078761
2126.517,1,1076322
2128.267,1,1073496
2130.017,1,1069601
2131.766,1,1067636
2133.515,1,1066515
2135.263,1,1064110
2137.011,1,1062998
2138.759,1,1059814
2140.506,1,1057876
2142.253,1,1056557
2143.999,1,1055874
2145.745,1,1053124
2147.491,1,1051779
2149.236,1,1049213
2150.981,1,1046488
2152.725,1,1044956
2154.470,1,1043837
2156.213,1,1041245
2157.957,1,1039595
2159.699,1,1038226
2161.442,1,1037160
2163.184,1,1036744
2164.926,1,1034953
2166.667,1,1031834
2168.408,1,1031324
2170.149,1,1028151
2171.889,1,1025080
2173.629,1,1023232
2175.368,1,1022361
2177.107,1,1020759
2178.846,1,1019146
2180.584,1,1017331
2182.322,1,1014717
2184.059,1,1013890
2185.797,1,1012358
2187.533,1,1010780
2189.270,1,1009361
2191.005,1,1005518
2192.741,1,1004975
2194.476,1,1002822
2196.211,1,1001362
2197.945,1,998616
2199.679,1,997145
2201.413,1,994594
2203.146,1,994047
2204.879,1,991161
2206.611,1,991540
2208.343,1,990387
2210.075,1,986236
2211.806,1,985477
2213.537,1,982883
2215.268,1,980278
2216.998,1,979273
2218.727,1,977332
2220.457,1,973937
2222.186,1,971263
2223.914,1,969668
2225.643,1,968648
2227.370,1,965318
2229.098,1,962234
2230.825,1,961667
2232.551,1,959541
2234.278,1,957552
2236.004,1,955066
2237.729,1,952148
2239.454,1,951065
2241.179,1,947695
2242.903,1,947389
2244.627,1,944329
2246.351,1,941062
2248.074,1,940315
2249.797,1,937074
2251.519,1,933981
2253.241,1,931982
2254.963,1,931652
2256.684,1,928344
2258.405,1,926720
2260.125,1,924250
2261.846,1,921566
2263.565,1,919759
2265.285,1,917800
2267.004,1,913798
2268.722,1,912646
2270.440,1,911029
2272.158,1,906122
2273.876,1,904591
2275.593,1,903736
2277.309,1,900775
2279.026,1,897319
2280.742,1,895148
2282.457,1,894100
2284.172,1,890287
2285.887,1,888347
2287.602,1,886678
2289.316,1,885773
2291.029,1,882465
2292.742,1,880619
2294.455,1,878517
2296.168,1,878032
2297.880,1,873930
2299.592,1,872643
2301.303,1,870115
2303.014,1,870292
2304.725,1,867671
2306.435,1,866428
2308.145,1,865265
2309.854,1,863864
2311.563,1,862190
2313.272,1,862178
2314.980,1,859175
2316.688,1,858897
2318.396,1,857525
2320.103,1,855540
2321.810,1,854317
2323.516,1,853254
2325.222,1,852594
2326.928,1,851126
2328.633,1,849718
2330.338,1,848118
2332.042,1,847165
2333.747,1,846760
2335.450,1,846639
2337.154,1,843813
2338.857,1,843797
2340.559,1,843300
2342.262,1,843294
2343.964,1,843604
2345.665,1,842051
2347.366,1,840701
2349.067,1,839283
2350.767,1,839621
2352.467,1,838985
2354.167,1,838463
2355.866,1,836521
2357.565,1,837230
2359.264,1,835132
2360.962,1,835167
2362.660,1,835220
2364.357,1,833266
2366.054,1,834322
2367.751,1,833379
2369.447,1,832145
2371.143,1,831554
2372.838,1,830192
2374.533,1,829720
2376.228,1,828490
2377.923,1,829138
2379.617,1,827980
2381.310,1,826599
2383.003,1,825780
2384.696,1,826532
2386.389,1,825206
2388.081,1,823126
2389.773,1,822801
2391.464,1,822819
2393.155,1,821269
2394.846,1,822332
2396.536,1,819955
2398.226,1,819828
2399.916,1,818590
2401.605,1,817239
2403.294,1,817002
2404.982,1,815748
2406.670,1,815175
2408.358,1,815018
2410.045,1,812705
2411.732,1,814544
2413.418,1,812831
2415.105,1,810839
2416.790,1,810863
2418.476,1,810587
2420.161,1,810796
2421.846,1,809609
2423.530,1,807564
2425.214,1,807483
2426.897,1,806601
2428.581,1,806387
2430.264,1,804431
2431.946,1,805055
2433.628,1,802446
2435.310,1,802493
2436.991,1,801227
2438.672,1,800824
2440.353,1,800629
2442.033,1,798857
2443.713,1,799106
2445.392,1,795592
2447.072,1,796055
2448.750,1,796203
2450.429,1,793763
2452.107,1,793157
2453.785,1,792378
2455.462,1,790117
2457.139,1,789478
2458.815,1,788855
2460.491,1,787003
2462.167,1,787528
2463.843,1,786919
2465.518,1,785814
2467.193,1,784879
2468.867,1,784803
2470.541,1,783746
2472.215,1,781383
2473.888,1,780328
2475.561,1,779703
2477.233,1,778408
2478.905,1,777098
2480.577,1,775530
2482.249,1,774507
2483.920,1,774853
2485.590,1,774285
2487.261,1,771795
2488.931,1,772736
2490.600,1,769343
2492.269,1,769635
2493.938,1,768700
2495.607,1,767092
2497.275,1,766350
2498.943,1,765174
2500.610,1,764342
2502.277,1,764276
2503.944,1,762474
2505.610,1,762498
2507.276,1,760736
2508.942,1,759496
2510.607,1,757989
2512.272,1,757584
2513.936,1,756234
2515.600,1,754725
2517.264,1,754123
2518.927,1,752071
2520.590,1,750764
2522.253,1,751530
2523.915,1,748617
2525.577,1,748353
2527.239,1,746485
2528.900,1,746050
2530.561,1,745627
2532.221,1,745280
2533.881,1,744055
2535.541,1,743786
2537.200,1,742036
2538.859,1,741314
2540.518,1,741180
2542.176,1,739462
2543.834,1,739623
2545.492,1,739535
2547.149,1,738814
2548.806,1,738383
2550.462,1,736214
2552.119,1,737195
2553.774,1,736647
2555.430,1,735929
2557.085,1,733893
2558.740,1,734004
2560.394,1,734257
2562.048,1,732195
2563.701,1,731379
2565.355,1,731694
2567.007,1,730166
2568.660,1,728755
2570.312,1,730151
2571.964,1,729108
2573.615,1,727634
2575.266,1,727002
2576.917,1,726709
2578.568,1,726417
2580.218,1,724578
2581.867,1,722280
2583.516,1,723430
2585.165,1,723658
2586.814,1,722679
2588.462,1,721761
2590.110,1,721336
2591.757,1,719994
2593.405,1,719014
2595.051,1,719005
2596.698,1,716520
2598.344,1,716712
2599.989,1,716333
2601.635,1,716255
2603.280,1,716561
2604.924,1,714544
2606.569,1,713521
2608.212,1,714119
2609.856,1,712939
2611.499,1,713033
2613.142,1,712228
2614.784,1,711886
2616.427,1,711722
2618.068,1,711384
2619.710,1,709703
2621.351,1,708582
2622.991,1,708625
2624.632,1,708502
2626.272,1,708008
2627.911,1,705999
2629.551,1,704983
2631.190,1,704468
2632.828,1,703830
2634.466,1,703002
2636.104,1,701621
2637.742,1,701511
2639.379,1,700857
2641.015,1,700304
2642.652,1,699091
2644.288,1,698694
2645.924,1,698669
2647.559,1,698763
2649.194,1,696773
2650.829,1,696374
2652.463,1,694463
2654.097,1,692940
2655.730,1,692143
2657.364,1,690498
2658.996,1,690506
2660.629,1,690415
2662.261,1,690402
2663.893,1,689199
2665.524,1,687843
2667.155,1,684617
2668.786,1,681506
2670.417,1,683287
2672.047,1,684945
2673.676,1,683370
2675.306,1,681442
2676.935,1,681199
2678.563,1,680562
2680.192,1,679284
2681.819,1,679835
2683.447,1,679039
2685.074,1,677978
2686.701,1,676763
2688.328,1,677002
2689.954,1,675473
2691.580,1,675971
2693.205,1,674785
2694.830,1,673964
2696.455,1,672875
2698.079,1,671323
2699.703,1,671467
2701.327,1,670761
2702.950,1,669896
2704.573,1,668971
2706.196,1,668776
2707.818,1,666540
2709.440,1,664947
2711.062,1,665980
2712.683,1,664231
2714.304,1,664252
2715.924,1,663168
2717.545,1,662359
2719.164,1,661649
