-18607.613,1,53589
-18605.401,1,49450
-18603.189,1,48686
-18600.977,1,48604
-18598.766,1,48288
-18596.556,1,48470
-18594.346,1,48320
-18592.137,1,48250
-18589.928,1,48192
-18587.720,1,48104
-18585.512,1,48038
-18583.305,1,48037
-18581.099,1,47910
-18578.893,1,47889
-18576.687,1,47868
-18574.483,1,47816
-18572.278,1,47707
-18570.075,1,47633
-18567.871,1,47436
-18565.669,1,47466
-18563.467,1,47437
-18561.265,1,47394
-18559.064,1,47351
-18556.864,1,47211
-18554.664,1,47198
-18552.465,1,47171
-18550.266,1,47084
-18548.068,1,47096
-18545.870,1,47087
-18543.673,1,47108
-18541.477,1,47091
-18539.281,1,46940
-18537.085,1,46897
-18534.890,1,46797
-18532.696,1,46887
-18530.502,1,46844
-18528.309,1,46806
-18526.117,1,46859
-18523.924,1,46750
-18521.733,1,46682
-18519.542,1,46639
-18517.351,1,46642
-18515.161,1,46692
-18512.972,1,46680
-18510.783,1,46646
-18508.595,1,46537
-18506.407,1,46476
-18504.220,1,46557
-18502.033,1,46483
-18499.847,1,46428
-18497.662,1,46450
-18495.477,1,46402
-18493.292,1,46401
-18491.109,1,46325
-18488.925,1,46333
-18486.742,1,46428
-18484.560,1,46337
-18482.378,1,46339
-18480.197,1,46278
-18478.017,1,46271
-18475.837,1,46268
-18473.657,1,46219
-18471.478,1,46263
-18469.300,1,46224
-18467.122,1,46214
-18464.944,1,46217
-18462.768,1,46182
-18460.591,1,46279
-18458.416,1,46240
-18456.240,1,46228
-18454.066,1,46219
-18451.892,1,46198
-18449.718,1,46193
-18447.545,1,46236
-18445.373,1,46205
-18443.201,1,46280
-18441.030,1,46256
-18438.859,1,46195
-18436.688,1,46215
-18434.519,1,46226
-18432.349,1,46194
-18430.181,1,46263
-18428.013,1,46206
-18425.845,1,46224
-18423.678,1,46205
-18421.512,1,46243
-18419.346,1,46279
-18417.180,1,46326
-18415.015,1,46267
-18412.851,1,46193
-18410.687,1,46265
-18408.524,1,46327
-18406.361,1,46221
-18404.199,1,46202
-18402.037,1,46220
-18399.876,1,46265
-18397.716,1,46182
-18395.556,1,46220
-18393.396,1,46191
-18391.237,1,46273
-18389.079,1,46236
-18386.921,1,46213
-18384.764,1,46165
-18382.607,1,46224
-18380.451,1,46245
-18378.295,1,46218
-18376.140,1,46235
-18373.985,1,46214
-18371.831,1,46137
-18369.677,1,46264
-18367.524,1,46234
-18365.372,1,46173
-18363.220,1,46258
-18361.068,1,46235
-18358.917,1,46229
-18356.767,1,46205
-18354.617,1,46211
-18352.468,1,46298
-18350.319,1,46260
-18348.171,1,46201
-18346.023,1,46215
-18343.876,1,46234
-18341.729,1,46199
-18339.583,1,46211
-18337.438,1,46199
-18335.293,1,46194
-18333.148,1,46107
-18331.004,1,46213
-18328.861,1,46210
-18326.718,1,46211
-18324.575,1,46224
-18322.433,1,46194
-18320.292,1,46131
-18318.151,1,46203
-18316.011,1,46188
-18313.871,1,46194
-18311.732,1,46171
-18309.593,1,46168
-18307.455,1,46220
-18305.318,1,46147
-18303.181,1,46226
-18301.044,1,46230
-18298.908,1,46148
-18296.773,1,46176
-18294.638,1,46114
-18292.503,1,46174
-18290.369,1,46076
-18288.236,1,46175
-18286.103,1,46240
-18283.971,1,46164
-18281.839,1,46219
-18279.708,1,46161
-18277.577,1,46185
-18275.447,1,46169
-18273.317,1,46157
-18271.188,1,46173
-18269.059,1,46140
-18266.931,1,46206
-18264.803,1,46144
-18262.676,1,46157
-18260.550,1,46171
-18258.424,1,46119
-18256.298,1,46109
-18254.173,1,46230
-18252.049,1,46124
-18249.925,1,46121
-18247.802,1,46111
-18245.679,1,46177
-18243.556,1,46105
-18241.435,1,46116
-18239.313,1,46155
-18237.193,1,46107
-18235.072,1,46139
-18232.953,1,46145
-18230.833,1,46148
-18228.715,1,46104
-18226.597,1,46142
-18224.479,1,46074
-18222.362,1,46115
-18220.245,1,46088
-18218.129,1,46087
-18216.014,1,46127
-18213.899,1,46096
-18211.784,1,46041
-18209.670,1,46159
-18207.557,1,46069
-18205.444,1,46042
-18203.331,1,46149
-18201.219,1,45992
-18199.108,1,46080
-18196.997,1,46075
-18194.887,1,46082
-18192.777,1,46078
-18190.668,1,46069
-18188.559,1,46090
-18186.451,1,46053
-18184.343,1,46092
-18182.236,1,46099
-18180.129,1,46056
-18178.023,1,46056
-18175.917,1,46084
-18173.812,1,46079
-18171.707,1,46024
-18169.603,1,45994
-18167.500,1,45985
-18165.397,1,46058
-18163.294,1,46076
-18161.192,1,46037
-18159.090,1,46016
-18156.989,1,46108
-18154.889,1,46033
-18152.789,1,46049
-18150.689,1,46013
-18148.591,1,45996
-18146.492,1,46035
-18144.394,1,46040
-18142.297,1,46061
-18140.200,1,46073
-18138.103,1,46085
-18136.008,1,46055
-18133.912,1,45951
-18131.817,1,46034
-18129.723,1,46078
-18127.629,1,45960
-18125.536,1,46050
-18123.443,1,46055
-18121.351,1,46017
-18119.259,1,46020
-18117.168,1,46028
-18115.077,1,45999
-18112.987,1,46021
-18110.897,1,46014
-18108.808,1,46025
-18106.719,1,46091
-18104.631,1,46058
-18102.544,1,46006
-18100.456,1,46036
-18098.370,1,46070
-18096.284,1,46042
-18094.198,1,45993
-18092.113,1,45993
-18090.028,1,45998
-18087.944,1,46054
-18085.861,1,46034
-18083.778,1,45997
-18081.695,1,45989
-18079.613,1,46025
-18077.531,1,46064
-18075.450,1,46007
-18073.370,1,46036
-18071.290,1,45966
-18069.210,1,45977
-18067.131,1,45991
-18065.053,1,45959
-18062.975,1,46061
-18060.897,1,45946
-18058.820,1,45941
-18056.744,1,45958
-18054.668,1,46011
-18052.592,1,45915
-18050.518,1,45987
-18048.443,1,45983
-18046.369,1,45977
-18044.296,1,45927
-18042.223,1,45968
-18040.150,1,46004
-18038.079,1,45967
-18036.007,1,45905
-18033.936,1,46003
-18031.866,1,45971
-18029.796,1,46019
-18027.727,1,45911
-18025.658,1,45929
-18023.589,1,45897
-18021.521,1,45914
-18019.454,1,45986
-18017.387,1,45919
-18015.321,1,45937
-18013.255,1,45909
-18011.190,1,46006
-18009.125,1,45896
-18007.060,1,45987
-18004.997,1,45912
-18002.933,1,46020
-18000.870,1,45958
-17998.808,1,45939
-17996.746,1,45963
-17994.685,1,45970
-17992.624,1,45932
-17990.564,1,45968
-17988.504,1,45893
-17986.445,1,45964
-17984.386,1,45909
-17982.327,1,45934
-17980.270,1,45906
-17978.212,1,45952
-17976.155,1,45916
-17974.099,1,45940
-17972.043,1,45918
-17969.988,1,45891
-17967.933,1,45893
-17965.879,1,45947
-17963.825,1,45915
-17961.772,1,45944
-17959.719,1,45858
-17957.666,1,45893
-17955.615,1,45919
-17953.563,1,45950
-17951.512,1,45883
-17949.462,1,45890
-17947.412,1,45920
-17945.363,1,45898
-17943.314,1,45945
-17941.266,1,45913
-17939.218,1,45900
-17937.171,1,45921
-17935.124,1,45947
-17933.077,1,45951
-17931.031,1,45929
-17928.986,1,45945
-17926.941,1,45882
-17924.897,1,45923
-17922.853,1,45929
-17920.809,1,45960
-17918.767,1,45970
-17916.724,1,45908
-17914.682,1,45934
-17912.641,1,45976
-17910.600,1,45950
-17908.559,1,45948
-17906.520,1,45886
-17904.480,1,45898
-17902.441,1,45830
-17900.403,1,45862
-17898.365,1,45889
-17896.327,1,45797
-17894.290,1,45807
-17892.254,1,45815
-17890.218,1,45882
-17888.182,1,45821
-17886.147,1,45835
-17884.113,1,45800
-17882.079,1,45818
-17880.045,1,45893
-17878.012,1,45859
-17875.980,1,45848
-17873.948,1,45795
-17871.916,1,45835
-17869.885,1,45810
-17867.854,1,45868
-17865.824,1,45746
-17863.795,1,45820
-17861.766,1,45850
-17859.737,1,45823
-17857.709,1,45776
-17855.681,1,45763
-17853.654,1,45795
-17851.627,1,45830
-17849.601,1,45812
-17847.576,1,45847
-17845.550,1,45810
-17843.526,1,45792
-17841.501,1,45807
-17839.478,1,45857
-17837.454,1,45821
-17835.432,1,45828
-17833.409,1,45758
-17831.388,1,45797
-17829.366,1,45828
-17827.345,1,45784
-17825.325,1,45771
-17823.305,1,45798
-17821.286,1,45844
-17819.267,1,45870
-17817.249,1,45867
-17815.231,1,45881
-17813.213,1,45919
-17811.196,1,45950
-17809.180,1,45978
-17807.164,1,46049
-17805.149,1,46024
-17803.134,1,45991
-17801.119,1,45900
-17799.105,1,45901
-17797.092,1,45889
-17795.079,1,45886
-17793.066,1,45815
-17791.054,1,45859
-17789.042,1,45827
-17787.031,1,45852
-17785.021,1,45805
-17783.010,1,45766
-17781.001,1,45773
-17778.992,1,45789
-17776.983,1,45762
-17774.975,1,45805
-17772.967,1,45775
-17770.960,1,45818
-17768.953,1,45777
-17766.947,1,45813
-17764.941,1,45722
-17762.936,1,45744
-17760.931,1,45737
-17758.926,1,45808
-17756.923,1,45781
-17754.919,1,45817
-17752.916,1,45776
-17750.914,1,45754
-17748.912,1,45703
-17746.910,1,45694
-17744.909,1,45793
-17742.909,1,45790
-17740.909,1,45751
-17738.909,1,45792
-17736.910,1,45844
-17734.912,1,45779
-17732.913,1,45776
-17730.916,1,45772
-17728.919,1,45815
-17726.922,1,45875
-17724.926,1,45815
-17722.930,1,45796
-17720.935,1,45884
-17718.940,1,45859
-17716.946,1,45902
-17714.952,1,45929
-17712.959,1,45847
-17710.966,1,45806
-17708.973,1,45837
-17706.981,1,45835
-17704.990,1,45794
-17702.999,1,45836
-17701.009,1,45821
-17699.019,1,45773
-17697.029,1,45773
-17695.040,1,45730
-17693.051,1,45767
-17691.063,1,45828
-17689.076,1,45811
-17687.089,1,45802
-17685.102,1,45758
-17683.116,1,45762
-17681.130,1,45738
-17679.145,1,45753
-17677.160,1,45752
-17675.176,1,45829
-17673.192,1,45795
-17671.208,1,45731
-17669.225,1,45758
-17667.243,1,45778
-17665.261,1,45710
-17663.280,1,45758
-17661.299,1,45742
-17659.318,1,45787
-17657.338,1,45778
-17655.359,1,45705
-17653.379,1,45783
-17651.401,1,45794
-17649.423,1,45814
-17647.445,1,45803
-17645.468,1,45759
-17643.491,1,45773
-17641.515,1,45702
-17639.539,1,45776
-17637.564,1,45750
-17635.589,1,45764
-17633.614,1,45751
-17631.640,1,45713
-17629.667,1,45759
-17627.694,1,45802
-17625.721,1,45723
-17623.749,1,45817
-17621.778,1,45769
-17619.807,1,45755
-17617.836,1,45741
-17615.866,1,45749
-17613.896,1,45744
-17611.927,1,45746
-17609.958,1,45695
-17607.990,1,45717
-17606.022,1,45736
-17604.055,1,45746
-17602.088,1,45694
-17600.121,1,45675
-17598.155,1,45747
-17596.190,1,45739
-17594.225,1,45698
-17592.260,1,45745
-17590.296,1,45711
-17588.333,1,45744
-17586.370,1,45697
-17584.407,1,45725
-17582.445,1,45731
-17580.483,1,45697
-17578.522,1,45760
-17576.561,1,45757
-17574.600,1,45780
-17572.640,1,45676
-17570.681,1,45757
-17568.722,1,45733
-17566.764,1,45722
-17564.806,1,45764
-17562.848,1,45722
-17560.891,1,45759
-17558.934,1,45731
-17556.978,1,45781
-17555.022,1,45723
-17553.067,1,45689
-17551.112,1,45740
-17549.158,1,45712
-17547.204,1,45705
-17545.251,1,45757
-17543.298,1,45752
-17541.345,1,45727
-17539.393,1,45745
-17537.442,1,45696
-17535.491,1,45699
-17533.540,1,45775
-17531.590,1,45787
-17529.640,1,45721
-17527.691,1,45698
-17525.742,1,45766
-17523.794,1,45756
-17521.846,1,45727
-17519.899,1,45740
-17517.952,1,45781
-17516.005,1,45732
-17514.059,1,45742
-17512.114,1,45691
-17510.168,1,45665
-17508.224,1,45763
-17506.280,1,45687
-17504.336,1,45742
-17502.393,1,45798
-17500.450,1,45749
-17498.508,1,45779
-17496.566,1,45770
-17494.624,1,45759
-17492.683,1,45747
-17490.743,1,45759
-17488.803,1,45752
-17486.863,1,45716
-17484.924,1,45767
-17482.985,1,45717
-17481.047,1,45702
-17479.109,1,45681
-17477.172,1,45678
-17475.235,1,45763
-17473.299,1,45726
-17471.363,1,45737
-17469.427,1,45733
-17467.492,1,45704
-17465.558,1,45755
-17463.624,1,45746
-17461.690,1,45782
-17459.757,1,45702
-17457.824,1,45729
-17455.892,1,45719
-17453.960,1,45688
-17452.029,1,45715
-17450.098,1,45722
-17448.167,1,45784
-17446.237,1,45694
-17444.308,1,45414
-17442.379,1,45765
-17440.450,1,45772
-17438.522,1,45761
-17436.594,1,45739
-17434.667,1,45742
-17432.740,1,45738
-17430.814,1,45721
-17428.888,1,45712
-17426.962,1,45743
-17425.037,1,45735
-17423.113,1,45732
-17421.189,1,45751
-17419.265,1,45793
-17417.342,1,45699
-17415.419,1,45732
-17413.497,1,45758
-17411.575,1,45723
-17409.653,1,45732
-17407.732,1,45743
-17405.812,1,45740
-17403.892,1,45737
-17401.972,1,45737
-17400.053,1,45829
-17398.134,1,45754
-17396.216,1,45753
-17394.298,1,45742
-17392.381,1,45681
-17390.464,1,45662
-17388.548,1,45755
-17386.632,1,45720
-17384.716,1,45719
-17382.801,1,45734
-17380.886,1,45733
-17378.972,1,45788
-17377.058,1,45687
-17375.145,1,45715
-17373.232,1,45715
-17371.320,1,45728
-17369.408,1,45765
-17367.496,1,45763
-17365.585,1,45704
-17363.675,1,45750
-17361.765,1,45689
-17359.855,1,45787
-17357.946,1,45746
-17356.037,1,45822
-17354.128,1,45728
-17352.221,1,45682
-17350.313,1,45695
-17348.406,1,45807
-17346.499,1,45803
-17344.593,1,45740
-17342.688,1,45709
-17340.782,1,45727
-17338.878,1,45751
-17336.973,1,45813
-17335.069,1,45693
-17333.166,1,45772
-17331.263,1,45716
-17329.360,1,45713
-17327.458,1,45675
-17325.556,1,45711
-17323.655,1,45744
-17321.754,1,45755
-17319.854,1,45736
-17317.954,1,45720
-17316.055,1,45760
-17314.156,1,45724
-17312.257,1,45700
-17310.359,1,45794
-17308.461,1,45764
-17306.564,1,45741
-17304.667,1,45738
-17302.771,1,45734
-17300.875,1,45712
-17298.979,1,45677
-17297.084,1,45825
-17295.190,1,45766
-17293.296,1,45689
-17291.402,1,45792
-17289.509,1,45694
-17287.616,1,45738
-17285.724,1,45775
-17283.832,1,45776
-17281.940,1,45757
-17280.049,1,45698
-17278.158,1,45740
-17276.268,1,45761
-17274.379,1,45783
-17272.489,1,45726
-17270.600,1,45716
-17268.712,1,45779
-17266.824,1,45753
-17264.936,1,45726
-17263.049,1,45777
-17261.163,1,45714
-17259.276,1,45816
-17257.391,1,45772
-17255.505,1,45769
-17253.620,1,45793
-17251.736,1,45781
-17249.852,1,45790
-17247.968,1,45758
-17246.085,1,45790
-17244.203,1,45793
-17242.320,1,45778
-17240.438,1,45773
-17238.557,1,45792
-17236.676,1,45763
-17234.796,1,45796
-17232.915,1,45846
-17231.036,1,45828
-17229.157,1,45796
-17227.278,1,45826
-17225.400,1,45794
-17223.522,1,45824
-17221.644,1,45890
-17219.767,1,45861
-17217.891,1,45806
-17216.014,1,45830
-17214.139,1,45821
-17212.263,1,45902
-17210.389,1,45817
-17208.514,1,45911
-17206.640,1,45874
-17204.767,1,45886
-17202.894,1,45826
-17201.021,1,45906
-17199.149,1,45828
-17197.277,1,45928
-17195.405,1,45842
-17193.534,1,45901
-17191.664,1,45926
-17189.794,1,45894
-17187.924,1,45976
-17186.055,1,45875
-17184.186,1,45939
-17182.318,1,45979
-17180.450,1,46008
-17178.583,1,45977
-17176.716,1,45930
-17174.849,1,45997
-17172.983,1,46035
-17171.117,1,45939
-17169.252,1,45944
-17167.387,1,46049
-17165.522,1,46027
-17163.658,1,45987
-17161.795,1,46041
-17159.932,1,46040
-17158.069,1,46002
-17156.207,1,45978
-17154.345,1,45977
-17152.483,1,46001
-17150.622,1,45999
-17148.762,1,46011
-17146.902,1,46004
-17145.042,1,46006
-17143.183,1,45899
-17141.324,1,45959
-17139.465,1,45969
-17137.607,1,45981
-17135.750,1,45922
-17133.893,1,45936
-17132.036,1,45918
-17130.180,1,45937
-17128.324,1,45890
-17126.469,1,45939
-17124.614,1,45874
-17122.759,1,45878
-17120.905,1,45847
-17119.051,1,45867
-17117.198,1,45845
-17115.345,1,45846
-17113.493,1,45798
-17111.641,1,45806
-17109.789,1,45834
-17107.938,1,45815
-17106.087,1,45783
-17104.237,1,45840
-17102.387,1,45788
-17100.538,1,45813
-17098.689,1,45750
-17096.840,1,45748
-17094.992,1,45720
-17093.144,1,45766
-17091.297,1,45793
-17089.450,1,45735
-17087.604,1,45745
-17085.758,1,45682
-17083.912,1,45710
-17082.067,1,45720
-17080.222,1,45651
-17078.378,1,45700
-17076.534,1,45692
-17074.690,1,45660
-17072.847,1,45661
-17071.005,1,45671
-17069.163,1,45672
-17067.321,1,45688
-17065.479,1,45712
-17063.639,1,45682
-17061.798,1,45637
-17059.958,1,45658
-17058.118,1,45671
-17056.279,1,45632
-17054.440,1,45638
-17052.602,1,45619
-17050.764,1,45635
-17048.926,1,45651
-17047.089,1,45650
-17045.253,1,45602
-17043.416,1,45597
-17041.580,1,45632
-17039.745,1,45612
-17037.910,1,45624
-17036.075,1,45618
-17034.241,1,45610
-17032.407,1,45597
-17030.574,1,45651
-17028.741,1,45612
-17026.909,1,45619
-17025.077,1,45576
-17023.245,1,45598
-17021.414,1,45584
-17019.583,1,45577
-17017.753,1,45622
-17015.923,1,45578
-17014.093,1,45537
-17012.264,1,45569
-17010.435,1,45553
-17008.607,1,45659
-17006.779,1,45641
-17004.952,1,45564
-17003.125,1,45515
-17001.298,1,45594
-16999.472,1,45546
-16997.646,1,45560
-16995.821,1,45553
-16993.996,1,45586
-16992.171,1,45555
-16990.347,1,45556
-16988.524,1,45622
-16986.700,1,45566
-16984.877,1,45638
-16983.055,1,45570
-16981.233,1,45552
-16979.411,1,45507
-16977.590,1,45511
-16975.769,1,45626
-16973.949,1,45550
-16972.129,1,45544
-16970.310,1,45559
-16968.491,1,45619
-16966.672,1,45588
-16964.854,1,45523
-16963.036,1,45562
-16961.218,1,45545
-16959.401,1,45610
-16957.585,1,45532
-16955.769,1,45532
-16953.953,1,45579
-16952.137,1,45602
-16950.323,1,45570
-16948.508,1,45530
-16946.694,1,45658
-16944.880,1,45574
-16943.067,1,45555
-16941.254,1,45514
-16939.442,1,45582
-16937.630,1,45601
-16935.818,1,45580
-16934.007,1,45577
-16932.196,1,45583
-16930.385,1,45561
-16928.576,1,45578
-16926.766,1,45551
-16924.957,1,45564
-16923.148,1,45567
-16921.340,1,45607
-16919.532,1,45566
-16917.724,1,45587
-16915.917,1,45535
-16914.111,1,45578
-16912.304,1,45612
-16910.498,1,45599
-16908.693,1,45522
-16906.888,1,45585
-16905.083,1,45526
-16903.279,1,45628
-16901.475,1,45659
-16899.672,1,45598
-16897.869,1,45567
-16896.066,1,45532
-16894.264,1,45573
-16892.463,1,45553
-16890.661,1,45557
-16888.860,1,45570
-16887.060,1,45551
-16885.260,1,45602
-16883.460,1,45577
-16881.661,1,45596
-16879.862,1,45547
-16878.063,1,45539
-16876.265,1,45550
-16874.468,1,45580
-16872.670,1,45572
-16870.874,1,45584
-16869.077,1,45540
-16867.281,1,45612
-16865.485,1,45625
-16863.690,1,45619
-16861.896,1,45594
-16860.101,1,45597
-16858.307,1,45557
-16856.514,1,45629
-16854.720,1,45589
-16852.928,1,45590
-16851.135,1,45562
-16849.343,1,45590
-16847.552,1,45590
-16845.761,1,45557
-16843.970,1,45575
-16842.180,1,45548
-16840.390,1,45586
-16838.600,1,45604
-16836.811,1,45608
-16835.022,1,45647
-16833.234,1,45593
-16831.446,1,45593
-16829.659,1,45593
-16827.872,1,45622
-16826.085,1,45599
-16824.299,1,45580
-16822.513,1,45580
-16820.728,1,45572
-16818.943,1,45574
-16817.158,1,45626
-16815.374,1,45612
-16813.590,1,45599
-16811.806,1,45558
-16810.023,1,45603
-16808.241,1,45616
-16806.459,1,45619
-16804.677,1,45556
-16802.895,1,45662
-16801.114,1,45582
-16799.334,1,45559
-16797.553,1,45563
-16795.774,1,45651
-16793.994,1,45604
-16792.215,1,45603
-16790.437,1,45580
-16788.659,1,45578
-16786.881,1,45605
-16785.103,1,45628
-16783.326,1,45601
-16781.550,1,45623
-16779.774,1,45597
-16777.998,1,45615
-16776.222,1,45601
-16774.448,1,45575
-16772.673,1,45598
-16770.899,1,45632
-16769.125,1,45590
-16767.352,1,45626
-16765.579,1,45586
-16763.806,1,45566
-16762.034,1,45585
-16760.262,1,45675
-16758.491,1,45599
-16756.720,1,45676
-16754.949,1,45632
-16753.179,1,45635
-16751.409,1,45607
-16749.640,1,45615
-16747.871,1,45625
-16746.102,1,45686
-16744.334,1,45593
-16742.566,1,45636
-16740.799,1,45601
-16739.032,1,45639
-16737.265,1,45612
-16735.499,1,45597
-16733.734,1,45584
-16731.968,1,45683
-16730.203,1,45644
-16728.439,1,45589
-16726.674,1,45603
-16724.911,1,45646
-16723.147,1,45654
-16721.384,1,45665
-16719.622,1,45630
-16717.859,1,45637
-16716.098,1,45618
-16714.336,1,45549
-16712.575,1,45626
-16710.815,1,45646
-16709.054,1,45676
-16707.294,1,45665
-16705.535,1,45619
-16703.776,1,45591
-16702.017,1,45636
-16700.259,1,45655
-16698.501,1,45645
-16696.744,1,45626
-16694.987,1,45587
-16693.230,1,45636
-16691.474,1,45661
-16689.718,1,45670
-16687.962,1,45590
-16686.207,1,45636
-16684.453,1,45612
-16682.698,1,45641
-16680.944,1,45654
-16679.191,1,45609
-16677.438,1,45596
-16675.685,1,45654
-16673.933,1,45663
-16672.181,1,45650
-16670.429,1,45607
-16668.678,1,45722
-16666.927,1,45661
-16665.177,1,45594
-16663.427,1,45588
-16661.677,1,45648
-16659.928,1,45599
-16658.180,1,45652
-16656.431,1,45626
-16654.683,1,45621
-16652.935,1,45619
-16651.188,1,45638
-16649.441,1,45626
-16647.695,1,45641
-16645.949,1,45633
-16644.203,1,45599
-16642.458,1,45594
-16640.713,1,45695
-16638.969,1,45568
-16637.225,1,45661
-16635.481,1,45636
-16633.738,1,45628
-16631.995,1,45675
-16630.252,1,45618
-16628.510,1,45583
-16626.768,1,45634
-16625.027,1,45557
-16623.286,1,45606
-16621.545,1,45633
-16619.805,1,45631
-16618.065,1,45602
-16616.326,1,45576
-16614.587,1,45602
-16612.848,1,45672
-16611.110,1,45590
-16609.372,1,45637
-16607.635,1,45574
-16605.898,1,45629
-16604.161,1,45602
-16602.425,1,45635
-16600.689,1,45594
-16598.953,1,45617
-16597.218,1,45602
-16595.483,1,45639
-16593.749,1,45593
-16592.015,1,45577
-16590.281,1,45581
-16588.548,1,45612
-16586.815,1,45507
-16585.083,1,45588
-16583.351,1,45610
-16581.619,1,45551
-16579.888,1,45558
-16578.157,1,45520
-16576.426,1,45555
-16574.696,1,45567
-16572.967,1,45536
-16571.237,1,45587
-16569.508,1,45565
-16567.780,1,45616
-16566.052,1,45590
-16564.324,1,45576
-16562.596,1,45605
-16560.869,1,45570
-16559.143,1,45550
-16557.416,1,45570
-16555.691,1,45552
-16553.965,1,45604
-16552.240,1,45527
-16550.515,1,45530
-16548.791,1,45555
-16547.067,1,45568
-16545.343,1,45593
-16543.620,1,45605
-16541.897,1,45575
-16540.175,1,45576
-16538.453,1,45534
-16536.731,1,45559
-16535.010,1,45577
-16533.289,1,45554
-16531.569,1,45526
-16529.848,1,45572
-16528.129,1,45526
-16526.409,1,45556
-16524.690,1,45560
-16522.972,1,45553
-16521.254,1,45569
-16519.536,1,45609
-16517.818,1,45536
-16516.101,1,45580
-16514.385,1,45550
-16512.668,1,45556
-16510.952,1,45500
-16509.237,1,45570
-16507.522,1,45500
-16505.807,1,45544
-16504.093,1,45488
-16502.379,1,45559
-16500.665,1,45583
-16498.952,1,45504
-16497.239,1,45500
-16495.526,1,45578
-16493.814,1,45524
-16492.102,1,45518
-16490.391,1,45527
-16488.680,1,45484
-16486.970,1,45526
-16485.259,1,45542
-16483.549,1,45577
-16481.840,1,45548
-16480.131,1,45512
-16478.422,1,45489
-16476.714,1,45536
-16475.006,1,45516
-16473.298,1,45524
-16471.591,1,45479
-16469.884,1,45542
-16468.178,1,45546
-16466.472,1,45540
-16464.766,1,45498
-16463.061,1,45544
-16461.356,1,45536
-16459.652,1,45532
-16457.947,1,45517
-16456.244,1,45486
-16454.540,1,45508
-16452.837,1,45573
-16451.135,1,45497
-16449.432,1,45504
-16447.730,1,45541
-16446.029,1,45502
-16444.328,1,45471
-16442.627,1,45554
-16440.927,1,45557
-16439.227,1,45499
-16437.527,1,45512
-16435.828,1,45545
-16434.129,1,45477
-16432.430,1,45511
-16430.732,1,45497
-16429.034,1,45550
-16427.337,1,45494
-16425.640,1,45520
-16423.943,1,45553
-16422.247,1,45485
-16420.551,1,45514
-16418.856,1,45525
-16417.161,1,45493
-16415.466,1,45492
-16413.772,1,45537
-16412.077,1,45502
-16410.384,1,45553
-16408.691,1,45471
-16406.998,1,45491
-16405.305,1,45496
-16403.613,1,45524
-16401.921,1,45493
-16400.230,1,45516
-16398.539,1,45459
-16396.848,1,45521
-16395.158,1,45499
-16393.468,1,45531
-16391.779,1,45507
-16390.089,1,45451
-16388.401,1,45502
-16386.712,1,45534
-16385.024,1,45564
-16383.336,1,45534
-16381.649,1,45480
-16379.962,1,45452
-16378.276,1,45514
-16376.589,1,45527
-16374.904,1,45564
-16373.218,1,45521
-16371.533,1,45449
-16369.848,1,45530
-16368.164,1,45443
-16366.480,1,45484
-16364.797,1,45450
-16363.113,1,45409
-16361.431,1,45547
-16359.748,1,45562
-16358.066,1,45490
-16356.384,1,45532
-16354.703,1,45487
-16353.022,1,45505
-16351.341,1,45446
-16349.661,1,45487
-16347.981,1,45535
-16346.302,1,45471
-16344.622,1,45498
-16342.944,1,45511
-16341.265,1,45464
-16339.587,1,45549
-16337.910,1,45425
-16336.232,1,45489
-16334.555,1,45501
-16332.879,1,45486
-16331.203,1,45547
-16329.527,1,45486
-16327.851,1,45456
-16326.176,1,45433
-16324.501,1,45474
-16322.827,1,45500
-16321.153,1,45466
-16319.480,1,45471
-16317.806,1,45444
-16316.133,1,45480
-16314.461,1,45480
-16312.789,1,45500
-16311.117,1,45474
-16309.445,1,45497
-16307.774,1,45516
-16306.104,1,45559
-16304.433,1,45461
-16302.763,1,45524
-16301.094,1,45479
-16299.425,1,45495
-16297.756,1,45486
-16296.087,1,45462
-16294.419,1,45538
-16292.751,1,45514
-16291.084,1,45499
-16289.417,1,45527
-16287.750,1,45539
-16286.084,1,45500
-16284.418,1,45513
-16282.753,1,45462
-16281.087,1,45513
-16279.423,1,45538
-16277.758,1,45489
-16276.094,1,45505
-16274.430,1,45472
-16272.767,1,45467
-16271.104,1,45467
-16269.441,1,45460
-16267.779,1,45521
-16266.117,1,45462
-16264.455,1,45473
-16262.794,1,45522
-16261.133,1,45434
-16259.473,1,45452
-16257.813,1,45470
-16256.153,1,45452
-16254.494,1,45492
-16252.835,1,45508
-16251.176,1,45473
-16249.518,1,45466
-16247.860,1,45491
-16246.202,1,45487
-16244.545,1,45495
-16242.888,1,45506
-16241.232,1,45515
-16239.575,1,45449
-16237.920,1,45521
-16236.264,1,45467
-16234.609,1,45496
-16232.955,1,45495
-16231.300,1,45486
-16229.646,1,45518
-16227.993,1,45498
-16226.339,1,45503
-16224.687,1,45465
-16223.034,1,45513
-16221.382,1,45464
-16219.730,1,45471
-16218.079,1,45502
-16216.428,1,45498
-16214.777,1,45441
-16213.127,1,45469
-16211.477,1,45477
-16209.827,1,45503
-16208.178,1,45465
-16206.529,1,45527
-16204.880,1,45426
-16203.232,1,45469
-16201.584,1,45527
-16199.937,1,45457
-16198.290,1,45480
-16196.643,1,45477
-16194.996,1,45500
-16193.350,1,45467
-16191.705,1,45435
-16190.059,1,45471
-16188.414,1,45460
-16186.770,1,45487
-16185.125,1,45500
-16183.482,1,45483
-16181.838,1,45487
-16180.195,1,45443
-16178.552,1,45496
-16176.910,1,45528
-16175.267,1,45453
-16173.626,1,45472
-16171.984,1,45480
-16170.343,1,45440
-16168.703,1,45501
-16167.062,1,45470
-16165.422,1,45449
-16163.783,1,45457
-16162.143,1,45529
-16160.505,1,45552
-16158.866,1,45506
-16157.228,1,45447
-16155.590,1,45481
-16153.953,1,45485
-16152.315,1,45480
-16150.679,1,45464
-16149.042,1,45512
-16147.406,1,45505
-16145.770,1,45504
-16144.135,1,45477
-16142.500,1,45520
-16140.865,1,45456
-16139.231,1,45484
-16137.597,1,45467
-16135.964,1,45484
-16134.330,1,45452
-16132.698,1,45489
-16131.065,1,45495
-16129.433,1,45460
-16127.801,1,45509
-16126.170,1,45506
-16124.539,1,45497
-16122.908,1,45477
-16121.277,1,45491
-16119.647,1,45494
-16118.018,1,45507
-16116.388,1,45476
-16114.759,1,45478
-16113.131,1,45535
-16111.503,1,45443
-16109.875,1,45475
-16108.247,1,45498
-16106.620,1,45520
-16104.993,1,45466
-16103.366,1,45516
-16101.740,1,45507
-16100.115,1,45507
-16098.489,1,45435
-16096.864,1,45485
-16095.239,1,45508
-16093.615,1,45536
-16091.991,1,45469
-16090.367,1,45510
-16088.744,1,45512
-16087.121,1,45488
-16085.498,1,45543
-16083.876,1,45472
-16082.254,1,45582
-16080.632,1,45427
-16079.011,1,45525
-16077.390,1,45513
-16075.770,1,45550
-16074.149,1,45559
-16072.530,1,45531
