184.081,1,268279
186.293,1,263201
188.506,1,260159
190.717,1,257480
192.928,1,255499
195.138,1,253151
197.348,1,249539
199.557,1,247763
201.766,1,245021
203.974,1,242110
206.182,1,238826
208.389,1,236227
210.595,1,232986
212.801,1,230325
215.007,1,227936
217.211,1,226129
219.416,1,223959
221.619,1,221526
223.823,1,219384
226.025,1,217813
228.227,1,215382
230.429,1,213214
232.630,1,211126
234.830,1,210109
237.030,1,207872
239.229,1,206678
241.428,1,205160
243.626,1,203536
245.824,1,201773
248.021,1,200805
250.217,1,198200
252.413,1,196824
254.609,1,195329
256.804,1,194539
258.998,1,193308
261.192,1,192267
263.385,1,190440
265.578,1,189087
267.770,1,187279
269.961,1,185969
272.152,1,184546
274.343,1,183018
276.533,1,182919
278.722,1,181101
280.911,1,180023
283.099,1,178737
285.287,1,177415
287.474,1,175915
289.661,1,174652
291.847,1,173755
294.032,1,172244
296.217,1,171099
298.402,1,170349
300.586,1,168880
302.769,1,168274
304.952,1,167830
307.134,1,167047
309.316,1,165722
311.497,1,166119
313.677,1,165062
315.857,1,164627
318.037,1,164117
320.216,1,164110
322.394,1,163593
324.572,1,163618
326.750,1,162828
328.926,1,163180
331.103,1,162966
333.278,1,162919
335.454,1,163076
337.628,1,162206
339.802,1,161926
341.976,1,162935
344.149,1,162568
346.321,1,162592
348.493,1,163174
350.665,1,162885
352.835,1,163064
355.006,1,163038
357.175,1,162958
359.345,1,163191
361.513,1,162794
363.681,1,162907
365.849,1,163605
368.016,1,163734
370.182,1,163980
372.348,1,164170
374.514,1,164378
376.679,1,163754
378.843,1,164553
381.007,1,164749
383.170,1,164799
385.333,1,165260
387.495,1,165345
389.657,1,165587
391.818,1,166038
393.978,1,166594
396.138,1,166664
398.298,1,166965
400.457,1,167294
402.615,1,167755
404.773,1,168088
406.930,1,168542
409.087,1,168585
411.244,1,168682
413.399,1,168942
415.554,1,169588
417.709,1,169450
419.863,1,169582
422.017,1,169769
424.170,1,170809
426.322,1,170516
428.474,1,170847
430.626,1,171276
432.777,1,171322
434.927,1,171200
437.077,1,170867
439.226,1,171579
441.375,1,171461
443.523,1,171529
445.671,1,171451
447.818,1,172283
449.965,1,172081
452.111,1,172100
454.257,1,172029
456.402,1,171909
458.546,1,171691
460.690,1,171751
462.834,1,171405
464.976,1,171323
467.119,1,170789
469.261,1,171612
471.402,1,171321
473.543,1,171298
475.683,1,171241
477.823,1,171370
479.962,1,171001
482.101,1,171214
484.239,1,171379
486.376,1,171123
488.513,1,170950
490.650,1,171285
492.786,1,171328
494.922,1,171702
497.057,1,171814
499.191,1,171424
501.325,1,172310
503.458,1,172496
505.591,1,172709
507.723,1,173119
509.855,1,172980
511.987,1,173354
514.117,1,174191
516.247,1,174204
518.377,1,174524
520.506,1,174642
522.635,1,174977
524.763,1,175408
526.891,1,175418
529.018,1,176008
531.144,1,176479
533.270,1,176055
535.396,1,175909
537.521,1,175152
539.645,1,176079
541.769,1,175777
543.892,1,175472
546.015,1,175973
548.138,1,175591
550.259,1,175782
552.381,1,175395
554.502,1,175718
556.622,1,175348
558.741,1,175561
560.861,1,175328
562.979,1,175635
565.097,1,176240
567.215,1,175360
569.332,1,175504
571.449,1,175670
573.565,1,175830
575.680,1,175456
577.795,1,176080
579.910,1,175991
582.024,1,175915
584.137,1,176271
586.250,1,176488
588.363,1,175751
590.475,1,176287
592.586,1,176099
594.697,1,177245
596.807,1,176128
598.917,1,176779
601.026,1,176076
603.135,1,176298
605.243,1,176524
607.351,1,176151
609.458,1,176652
611.565,1,176985
613.671,1,176813
615.777,1,176174
617.882,1,176212
619.987,1,176909
622.091,1,176914
624.194,1,176887
626.297,1,177368
628.400,1,177258
630.502,1,178082
632.604,1,177916
634.705,1,177812
636.805,1,178669
638.905,1,178728
641.005,1,178348
643.104,1,178842
645.202,1,179155
647.300,1,179215
649.397,1,179512
651.494,1,179954
653.591,1,180307
655.686,1,180938
657.782,1,181471
659.877,1,181437
661.971,1,182794
664.065,1,183134
666.158,1,183411
668.251,1,183815
670.343,1,184135
672.435,1,184502
674.526,1,184770
676.617,1,185125
678.707,1,185255
680.797,1,185141
682.886,1,186333
684.975,1,186378
687.063,1,186589
689.151,1,187413
691.238,1,187697
693.324,1,187630
695.410,1,187741
697.496,1,188419
699.581,1,187863
701.666,1,188793
703.750,1,189011
705.833,1,189427
707.917,1,189413
709.999,1,189962
712.081,1,189654
714.163,1,189876
716.244,1,189659
718.324,1,190032
720.404,1,189719
722.484,1,190332
724.563,1,189931
726.641,1,190343
728.719,1,190423
730.797,1,190227
732.874,1,190189
734.950,1,190768
737.026,1,190457
739.102,1,190786
741.177,1,191083
743.251,1,191411
745.325,1,191370
747.398,1,191492
749.471,1,191379
751.544,1,192153
753.616,1,191799
755.687,1,192482
757.758,1,192535
759.828,1,192272
761.898,1,192434
763.968,1,192656
766.036,1,193216
768.105,1,193058
770.173,1,194000
772.240,1,193808
774.307,1,194483
776.373,1,194469
778.439,1,194563
780.504,1,195693
782.569,1,195871
784.634,1,196224
786.697,1,196641
788.761,1,197676
790.824,1,197975
792.886,1,198248
794.948,1,198368
797.009,1,198782
799.070,1,198110
801.130,1,198524
803.190,1,198585
805.249,1,198814
807.308,1,199173
809.367,1,199536
811.424,1,199531
813.482,1,200073
815.539,1,200751
817.595,1,200415
819.651,1,200775
821.706,1,200803
823.761,1,200749
825.815,1,201333
827.869,1,201361
829.922,1,201552
831.975,1,202534
834.028,1,202044
836.079,1,202775
838.131,1,202889
840.182,1,203093
842.232,1,203449
844.282,1,203895
846.331,1,204150
848.380,1,204780
850.428,1,204539
852.476,1,205087
854.524,1,205637
856.570,1,205908
858.617,1,206535
860.663,1,207189
862.708,1,207053
864.753,1,208007
866.797,1,208579
868.841,1,209796
870.885,1,211089
872.928,1,211920
874.970,1,213581
877.012,1,214924
879.053,1,215704
881.094,1,216191
883.135,1,215291
885.175,1,215621
887.214,1,214393
889.253,1,213334
891.291,1,212904
893.329,1,211867
895.367,1,211024
897.404,1,210789
899.440,1,210655
901.476,1,210579
903.512,1,210106
905.547,1,210126
907.581,1,210330
909.615,1,210531
911.649,1,211162
913.682,1,210968
915.714,1,211163
917.746,1,211972
919.778,1,212643
921.809,1,213103
923.840,1,213307
925.870,1,213527
927.899,1,213556
929.928,1,214166
931.957,1,213842
933.985,1,214728
936.013,1,214913
938.040,1,216157
940.067,1,215599
942.093,1,216029
944.119,1,216132
946.144,1,216702
948.168,1,217856
950.193,1,217349
952.216,1,217758
954.240,1,219044
956.262,1,218879
958.285,1,218753
960.306,1,219921
962.328,1,220187
964.349,1,220782
966.369,1,221631
968.389,1,222614
970.408,1,222616
972.427,1,223944
974.445,1,224036
976.463,1,226144
978.481,1,226950
980.498,1,228046
982.514,1,230840
984.530,1,233004
986.545,1,236085
988.560,1,239058
990.575,1,241944
992.589,1,244203
994.602,1,244733
996.615,1,243818
998.628,1,241753
1000.640,1,238999
1002.652,1,235600
1004.663,1,234143
1006.673,1,233092
1008.684,1,231814
1010.693,1,231459
1012.702,1,230866
1014.711,1,231234
1016.719,1,230409
1018.727,1,230242
1020.734,1,230758
1022.741,1,230380
1024.747,1,230592
1026.753,1,231302
1028.758,1,231961
1030.763,1,232839
1032.768,1,233468
1034.772,1,232919
1036.775,1,233868
1038.778,1,234930
1040.780,1,234919
1042.782,1,234740
1044.784,1,235091
1046.785,1,235525
1048.785,1,236558
1050.785,1,236388
1052.785,1,237761
1054.784,1,237733
1056.782,1,238543
1058.781,1,239446
1060.778,1,240868
1062.775,1,241511
1064.772,1,243208
1066.768,1,243077
1068.764,1,244702
1070.759,1,246191
1072.754,1,246966
1074.748,1,249031
1076.742,1,250900
1078.735,1,251305
1080.728,1,251946
1082.721,1,252833
1084.713,1,252977
1086.704,1,251650
1088.695,1,251803
1090.686,1,250110
1092.676,1,248901
1094.665,1,249084
1096.654,1,249351
1098.643,1,248623
1100.631,1,248795
1102.618,1,248610
1104.606,1,248754
1106.592,1,248545
1108.578,1,248784
1110.564,1,248890
1112.549,1,249694
1114.534,1,249881
1116.519,1,249835
1118.502,1,249599
1120.486,1,250652
1122.469,1,250029
1124.451,1,250905
1126.433,1,250746
1128.414,1,251280
1130.395,1,251356
1132.376,1,251574
1134.356,1,252204
1136.336,1,251551
1138.315,1,252065
1140.293,1,251993
1142.271,1,252168
1144.249,1,252550
1146.226,1,252915
1148.203,1,252735
1150.179,1,253012
1152.155,1,253906
1154.131,1,254205
1156.105,1,253844
1158.080,1,254765
1160.054,1,255192
1162.027,1,255253
1164.000,1,255446
1165.973,1,255096
1167.945,1,255839
1169.916,1,255753
1171.887,1,256057
1173.858,1,256614
1175.828,1,256355
1177.798,1,256097
1179.767,1,257254
1181.736,1,256563
1183.704,1,257507
1185.672,1,257607
1187.639,1,257614
1189.606,1,257885
1191.573,1,257991
1193.539,1,258423
1195.504,1,259069
1197.469,1,258705
1199.434,1,259337
1201.398,1,259438
1203.361,1,259440
1205.325,1,260077
1207.287,1,260029
1209.249,1,260448
1211.211,1,261440
1213.173,1,261877
1215.133,1,263066
1217.094,1,263478
1219.054,1,262739
1221.013,1,263093
1222.972,1,262420
1224.931,1,262426
1226.889,1,263580
1228.846,1,263438
1230.803,1,263573
1232.760,1,264061
1234.716,1,264140
1236.672,1,264392
1238.627,1,265146
1240.582,1,265139
1242.536,1,264844
1244.490,1,266030
1246.443,1,266083
1248.396,1,265965
1250.349,1,265980
1252.301,1,266332
1254.252,1,267376
1256.203,1,266756
1258.154,1,267907
1260.104,1,267376
1262.054,1,268057
1264.003,1,268230
1265.952,1,268664
1267.900,1,268991
1269.848,1,269244
1271.796,1,268735
1273.742,1,269504
1275.689,1,270096
1277.635,1,269673
1279.581,1,269229
1281.526,1,270237
1283.470,1,271521
1285.414,1,270868
1287.358,1,270952
1289.301,1,271595
1291.244,1,271900
1293.187,1,272560
1295.128,1,272818
1297.070,1,273911
1299.011,1,274488
1300.951,1,273994
1302.891,1,274667
1304.831,1,274273
1306.770,1,275305
1308.709,1,276144
1310.647,1,275757
1312.585,1,276061
1314.522,1,277440
1316.459,1,278418
1318.395,1,278421
1320.331,1,278009
1322.267,1,279404
1324.202,1,278917
1326.136,1,279596
1328.070,1,279918
1330.004,1,280474
1331.937,1,280492
1333.870,1,280835
1335.802,1,281144
1337.734,1,280867
1339.665,1,281605
1341.596,1,281836
1343.527,1,282259
1345.457,1,282269
1347.386,1,128078
1349.315,1,281478
1351.244,1,282928
1353.172,1,282680
1355.100,1,282740
1357.027,1,283387
1358.954,1,283994
1360.880,1,284356
1362.806,1,284657
1364.732,1,284684
1366.657,1,284494
1368.581,1,285081
1370.506,1,286094
1372.429,1,285911
1374.352,1,285910
1376.275,1,285844
1378.197,1,286257
1380.119,1,286927
1382.041,1,287492
1383.962,1,287885
1385.882,1,288446
1387.802,1,288651
1389.722,1,288280
1391.641,1,288400
1393.560,1,288982
1395.478,1,289055
1397.396,1,289470
1399.313,1,289023
1401.230,1,289540
1403.146,1,289892
1405.062,1,290503
1406.978,1,291340
1408.893,1,290545
1410.808,1,291360
1412.722,1,291664
1414.636,1,291886
1416.549,1,291820
1418.462,1,291779
1420.374,1,292582
1422.286,1,291806
1424.198,1,292425
1426.109,1,292645
1428.019,1,293081
1429.929,1,293097
1431.839,1,293316
1433.748,1,293153
1435.657,1,293056
1437.566,1,293449
1439.474,1,293571
1441.381,1,292955
1443.288,1,293023
1445.195,1,293454
1447.101,1,293597
1449.006,1,294368
1450.912,1,292852
1452.816,1,293985
1454.721,1,292900
1456.625,1,293948
1458.528,1,293626
1460.431,1,293512
1462.334,1,293959
1464.236,1,294389
1466.138,1,294493
1468.039,1,294592
1469.940,1,294214
1471.840,1,294945
1473.740,1,295101
1475.639,1,295402
1477.538,1,295255
1479.437,1,294505
1481.335,1,295602
1483.233,1,295678
1485.130,1,295751
1487.027,1,295736
1488.923,1,295930
1490.819,1,296529
1492.715,1,296149
1494.610,1,296557
1496.504,1,296627
1498.398,1,295854
1500.292,1,296280
1502.185,1,297046
1504.078,1,296628
1505.971,1,296934
1507.862,1,297163
1509.754,1,297635
1511.645,1,297198
1513.536,1,297797
1515.426,1,298156
1517.316,1,297261
1519.205,1,297784
1521.094,1,298396
1522.982,1,297839
1524.870,1,298759
1526.758,1,297982
1528.645,1,298323
1530.531,1,298447
1532.418,1,298138
1534.303,1,297606
1536.189,1,298893
1538.074,1,297800
1539.958,1,298485
1541.842,1,298612
1543.726,1,297859
1545.609,1,298188
1547.492,1,298421
1549.374,1,298778
1551.256,1,298306
1553.137,1,297911
1555.018,1,298480
1556.898,1,297962
1558.779,1,297235
1560.658,1,298139
1562.537,1,298419
1564.416,1,297802
1566.295,1,297886
1568.172,1,298351
1570.050,1,298049
1571.927,1,298224
1573.804,1,298098
1575.680,1,297664
1577.555,1,297556
1579.431,1,298377
1581.306,1,298775
1583.180,1,297886
1585.054,1,298596
1586.927,1,298493
1588.801,1,298758
1590.673,1,298342
1592.545,1,298360
1594.417,1,298129
1596.289,1,298703
1598.160,1,298750
1600.030,1,297938
1601.900,1,298683
1603.770,1,298401
1605.639,1,298951
1607.508,1,298558
1609.376,1,299196
1611.244,1,299417
1613.111,1,299336
1614.979,1,298859
1616.845,1,299424
1618.711,1,299077
1620.577,1,299319
1622.442,1,299300
1624.307,1,298602
1626.172,1,298884
1628.036,1,298348
1629.899,1,299095
1631.762,1,298644
1633.625,1,298774
1635.487,1,299291
1637.349,1,298833
1639.211,1,298436
1641.072,1,299028
1642.932,1,298363
1644.792,1,297706
1646.652,1,298062
1648.511,1,297897
1650.370,1,297747
1652.229,1,296846
1654.087,1,297046
1655.944,1,297161
1657.801,1,296483
1659.658,1,296536
1661.514,1,296035
1663.370,1,295761
1665.226,1,295583
1667.080,1,295313
1668.935,1,294065
1670.789,1,294468
1672.643,1,294114
1674.496,1,293772
1676.349,1,293807
1678.201,1,292766
1680.053,1,292382
1681.905,1,292022
1683.756,1,291361
1685.607,1,290944
1687.457,1,290671
1689.307,1,290561
1691.156,1,290015
1693.005,1,290037
1694.854,1,289590
1696.702,1,289284
1698.550,1,289359
1700.397,1,288410
1702.244,1,287860
1704.090,1,288466
1705.936,1,287137
1707.782,1,287109
1709.627,1,287145
1711.472,1,286002
1713.316,1,285342
1715.160,1,285759
1717.004,1,285728
1718.847,1,285676
1720.689,1,284586
1722.531,1,284137
1724.373,1,284004
1726.215,1,283692
1728.056,1,283255
1729.896,1,282366
1731.736,1,282749
1733.576,1,281919
1735.415,1,282070
1737.254,1,282183
1739.092,1,280692
1740.930,1,279641
1742.768,1,279887
1744.605,1,279233
1746.442,1,278731
1748.278,1,278318
1750.114,1,277309
1751.949,1,277269
1753.784,1,276692
1755.619,1,276200
1757.453,1,275597
1759.287,1,274738
1761.120,1,274185
1762.953,1,274135
1764.785,1,273277
1766.617,1,272608
1768.449,1,271693
1770.280,1,270650
1772.111,1,271424
1773.941,1,270300
1775.771,1,269682
1777.601,1,269036
1779.430,1,268464
1781.259,1,267894
1783.087,1,267266
1784.915,1,267080
1786.742,1,266941
1788.569,1,266352
1790.396,1,266271
1792.222,1,265803
1794.048,1,265509
1795.873,1,265299
1797.698,1,265329
1799.523,1,265238
1801.347,1,265381
1803.171,1,265131
1804.994,1,265770
1806.817,1,266010
1808.639,1,265824
1810.461,1,266664
1812.283,1,266361
1814.104,1,266408
1815.925,1,267478
1817.745,1,268304
1819.565,1,268088
1821.384,1,268502
1823.203,1,269118
1825.022,1,269313
1826.840,1,270230
1828.658,1,271425
1830.476,1,271429
1832.293,1,271924
1834.109,1,273293
1835.925,1,274177
1837.741,1,274098
1839.557,1,275240
1841.372,1,274945
1843.186,1,277066
1845.000,1,277062
1846.814,1,277650
1848.627,1,278568
1850.440,1,279193
1852.253,1,279292
1854.065,1,280114
1855.876,1,280820
1857.687,1,281434
1859.498,1,281918
1861.309,1,282457
1863.119,1,282682
1864.928,1,283267
1866.737,1,283779
1868.546,1,284277
1870.354,1,284437
1872.162,1,285110
1873.970,1,286429
1875.777,1,285840
1877.584,1,286705
1879.390,1,286240
1881.196,1,286885
1883.001,1,287553
1884.806,1,288241
1886.611,1,288150
1888.415,1,289026
1890.219,1,288962
1892.022,1,289070
1893.825,1,289107
1895.628,1,288744
1897.430,1,289355
1899.232,1,289106
1901.033,1,288803
1902.834,1,289523
1904.634,1,289007
1906.434,1,288768
1908.234,1,289227
1910.033,1,289077
1911.832,1,289264
1913.631,1,289354
1915.429,1,289626
1917.226,1,289220
1919.024,1,289121
1920.821,1,288810
1922.617,1,288565
1924.413,1,288412
1926.209,1,288001
1928.004,1,288071
1929.799,1,287942
1931.593,1,287399
1933.387,1,287760
1935.180,1,286349
1936.974,1,286982
1938.766,1,286813
1940.559,1,285735
1942.351,1,286554
1944.142,1,286327
1945.933,1,286235
1947.724,1,285828
1949.514,1,285616
1951.304,1,285097
1953.094,1,285421
1954.883,1,284289
1956.672,1,283839
1958.460,1,284204
1960.248,1,284462
1962.035,1,284140
1963.822,1,283363
1965.609,1,283030
1967.395,1,282416
1969.181,1,282629
1970.967,1,282225
1972.752,1,281497
1974.536,1,281887
1976.320,1,281467
1978.104,1,281358
1979.888,1,280853
1981.671,1,281420
1983.453,1,281103
1985.236,1,281119
1987.017,1,280159
1988.799,1,280201
1990.580,1,280744
1992.360,1,280139
1994.141,1,280382
1995.920,1,279893
1997.700,1,279391
1999.479,1,279084
2001.257,1,278620
2003.036,1,278619
2004.813,1,278295
2006.591,1,278273
2008.368,1,277995
2010.144,1,278504
2011.920,1,277518
2013.696,1,277819
2015.472,1,277135
2017.247,1,277499
2019.021,1,277372
2020.795,1,277631
2022.569,1,277476
2024.342,1,276984
2026.115,1,276850
2027.888,1,276477
2029.660,1,275916
2031.432,1,275993
2033.203,1,275953
2034.974,1,276178
2036.745,1,276356
2038.515,1,275573
2040.285,1,275079
2042.054,1,275992
2043.823,1,275651
2045.592,1,274822
2047.360,1,274022
2049.128,1,274243
2050.895,1,274156
2052.662,1,274273
2054.429,1,273534
2056.195,1,273890
2057.961,1,274065
2059.726,1,273221
2061.491,1,273795
2063.256,1,273028
2065.020,1,273054
2066.783,1,273111
2068.547,1,272545
2070.310,1,272472
2072.072,1,272278
2073.835,1,271982
2075.597,1,272165
2077.358,1,272297
2079.119,1,271594
2080.880,1,271317
2082.640,1,271589
2084.400,1,270984
2086.159,1,271826
2087.918,1,270904
2089.677,1,270727
2091.435,1,270684
2093.193,1,271133
2094.950,1,270418
2096.707,1,270362
2098.464,1,270247
2100.220,1,270189
2101.976,1,269255
2103.732,1,269803
2105.487,1,269267
2107.241,1,269191
2108.996,1,268818
2110.750,1,269214
2112.503,1,268933
2114.256,1,268616
2116.009,1,267898
2117.761,1,268112
2119.513,1,267518
2121.265,1,268146
2123.016,1,267563
2124.767,1,268335
2126.517,1,267060
2128.267,1,267169
2130.017,1,267289
2131.766,1,267072
2133.515,1,267025
2135.263,1,266288
2137.011,1,266486
2138.759,1,266097
2140.506,1,266831
2142.253,1,266038
2143.999,1,266408
2145.745,1,266060
2147.491,1,265710
2149.236,1,265643
2150.981,1,264946
2152.725,1,264771
2154.470,1,264353
2156.213,1,264438
2157.957,1,264192
2159.699,1,263877
2161.442,1,263996
2163.184,1,263545
2164.926,1,263476
2166.667,1,263138
2168.408,1,263505
2170.149,1,263101
2171.889,1,262764
2173.629,1,262352
2175.368,1,262285
2177.107,1,262298
2178.846,1,261811
2180.584,1,261822
2182.322,1,261628
2184.059,1,261523
2185.797,1,260901
2187.533,1,260807
2189.270,1,260884
2191.005,1,261117
2192.741,1,259187
2194.476,1,260437
2196.211,1,260075
2197.945,1,259542
2199.679,1,259427
2201.413,1,259217
2203.146,1,259281
2204.879,1,258630
2206.611,1,258717
2208.343,1,258473
2210.075,1,257606
2211.806,1,257860
2213.537,1,257749
2215.268,1,257273
2216.998,1,257344
2218.727,1,256726
2220.457,1,257046
2222.186,1,255914
2223.914,1,255180
2225.643,1,256061
2227.370,1,255399
2229.098,1,254830
2230.825,1,254860
2232.551,1,254914
2234.278,1,255148
2236.004,1,253877
2237.729,1,253700
2239.454,1,253060
2241.179,1,252566
2242.903,1,252034
2244.627,1,252426
2246.351,1,252180
2248.074,1,251779
2249.797,1,251540
2251.519,1,251291
2253.241,1,251322
2254.963,1,251258
2256.684,1,250214
2258.405,1,249591
2260.125,1,249771
2261.846,1,248882
2263.565,1,248353
2265.285,1,248298
2267.004,1,247526
2268.722,1,247946
2270.440,1,247413
2272.158,1,246383
2273.876,1,246394
2275.593,1,245690
2277.309,1,245170
2279.026,1,244669
2280.742,1,244375
2282.457,1,244366
2284.172,1,243747
2285.887,1,242993
2287.602,1,243292
2289.316,1,242567
2291.029,1,242590
2292.742,1,242559
2294.455,1,241743
2296.168,1,242069
2297.880,1,241427
2299.592,1,241073
2301.303,1,240791
2303.014,1,240056
2304.725,1,239937
2306.435,1,239829
2308.145,1,238889
2309.854,1,238754
2311.563,1,238580
2313.272,1,238560
2314.980,1,238443
2316.688,1,237858
2318.396,1,238072
2320.103,1,237677
2321.810,1,237496
2323.516,1,237454
2325.222,1,236849
2326.928,1,236563
2328.633,1,235753
2330.338,1,237043
2332.042,1,236945
2333.747,1,236645
2335.450,1,236058
2337.154,1,235786
2338.857,1,236059
2340.559,1,235445
2342.262,1,236270
2343.964,1,236157
2345.665,1,235257
2347.366,1,235209
2349.067,1,234807
2350.767,1,234968
2352.467,1,234842
2354.167,1,235278
2355.866,1,234687
2357.565,1,234991
2359.264,1,235057
2360.962,1,234874
2362.660,1,235102
2364.357,1,234678
2366.054,1,235128
2367.751,1,234329
2369.447,1,234971
2371.143,1,234689
2372.838,1,235357
2374.533,1,234567
2376.228,1,234662
2377.923,1,234906
2379.617,1,234575
2381.310,1,234274
2383.003,1,233902
2384.696,1,234398
2386.389,1,234211
2388.081,1,234636
2389.773,1,233901
2391.464,1,234162
2393.155,1,233733
2394.846,1,234065
2396.536,1,233829
2398.226,1,234054
2399.916,1,233934
2401.605,1,234106
2403.294,1,234061
2404.982,1,233464
2406.670,1,233598
2408.358,1,233982
2410.045,1,233253
2411.732,1,233299
2413.418,1,233986
2415.105,1,233850
2416.790,1,232856
2418.476,1,233601
2420.161,1,233091
2421.846,1,233688
2423.530,1,232512
2425.214,1,232740
2426.897,1,232486
2428.581,1,232587
2430.264,1,232726
2431.946,1,232448
2433.628,1,233052
2435.310,1,231692
2436.991,1,232359
2438.672,1,231875
2440.353,1,232055
2442.033,1,231616
2443.713,1,230989
2445.392,1,231225
2447.072,1,231283
2448.750,1,230744
2450.429,1,230712
2452.107,1,230865
2453.785,1,230719
2455.462,1,230178
2457.139,1,230777
2458.815,1,229851
2460.491,1,229740
2462.167,1,230085
2463.843,1,229762
2465.518,1,229406
2467.193,1,229156
2468.867,1,229061
2470.541,1,229199
2472.215,1,228842
2473.888,1,228760
2475.561,1,228615
2477.233,1,228365
2478.905,1,228633
2480.577,1,228048
2482.249,1,227997
2483.920,1,227770
2485.590,1,227945
2487.261,1,226833
2488.931,1,227197
2490.600,1,227506
2492.269,1,226789
2493.938,1,226677
2495.607,1,226149
2497.275,1,226425
2498.943,1,226258
2500.610,1,226387
2502.277,1,225684
2503.944,1,225384
2505.610,1,225478
2507.276,1,224877
2508.942,1,225254
2510.607,1,224695
2512.272,1,224068
2513.936,1,224336
2515.600,1,223840
2517.264,1,223824
2518.927,1,223540
2520.590,1,223895
2522.253,1,223452
2523.915,1,223432
2525.577,1,223004
2527.239,1,222370
2528.900,1,222875
2530.561,1,222378
2532.221,1,222386
2533.881,1,222672
2535.541,1,222346
2537.200,1,221580
2538.859,1,221792
2540.518,1,222020
2542.176,1,221250
2543.834,1,221426
2545.492,1,221252
2547.149,1,220634
2548.806,1,221387
2550.462,1,220379
2552.119,1,220417
2553.774,1,220440
2555.430,1,220211
2557.085,1,220210
2558.740,1,220444
2560.394,1,219949
2562.048,1,219615
2563.701,1,220231
2565.355,1,219770
2567.007,1,219213
2568.660,1,219906
2570.312,1,219256
2571.964,1,219471
2573.615,1,219015
2575.266,1,219098
2576.917,1,218300
2578.568,1,218765
2580.218,1,218656
2581.867,1,218213
2583.516,1,217979
2585.165,1,218906
2586.814,1,218280
2588.462,1,217641
2590.110,1,217556
2591.757,1,217539
2593.405,1,217679
2595.051,1,217489
2596.698,1,216677
2598.344,1,216710
2599.989,1,217149
2601.635,1,217242
2603.280,1,216530
2604.924,1,216691
2606.569,1,217112
2608.212,1,216405
2609.856,1,216631
2611.499,1,216294
2613.142,1,215680
2614.784,1,216225
2616.427,1,215910
2618.068,1,215764
2619.710,1,215409
2621.351,1,216311
2622.991,1,215482
2624.632,1,215676
2626.272,1,215521
2627.911,1,215415
2629.551,1,215412
2631.190,1,215638
2632.828,1,214554
2634.466,1,214589
2636.104,1,214477
2637.742,1,214197
2639.379,1,214457
2641.015,1,214181
2642.652,1,214033
2644.288,1,213598
2645.924,1,214068
2647.559,1,214132
2649.194,1,213134
2650.829,1,213478
2652.463,1,212791
2654.097,1,213244
2655.730,1,212753
2657.364,1,212861
2658.996,1,212870
2660.629,1,212319
2662.261,1,211948
2663.893,1,211538
2665.524,1,212020
2667.155,1,211515
2668.786,1,211178
2670.417,1,211229
2672.047,1,211115
2673.676,1,210777
2675.306,1,210846
2676.935,1,210324
2678.563,1,210793
2680.192,1,210139
2681.819,1,210195
2683.447,1,210424
2685.074,1,209862
2686.701,1,209556
2688.328,1,209322
2689.954,1,209891
2691.580,1,209441
2693.205,1,208678
2694.830,1,209218
2696.455,1,209074
2698.079,1,208591
2699.703,1,208898
2701.327,1,208427
2702.950,1,208404
2704.573,1,207560
2706.196,1,208285
2707.818,1,208051
2709.440,1,208107
2711.062,1,207625
2712.683,1,207626
2714.304,1,207114
2715.924,1,207117
2717.545,1,206955
2719.164,1,206816
